T.CFE,IF.CFE,IC.CFE,RB.SHF,AU.SHF
99.04,3157.4,5974.0,2059,264.4
98.955,3160.0,6016.6,2077,264.85
98.94,3148.0,5995.8,2099,266.55
99.19,3028.8,5732.0,2170,274.15
99.41,3050.4,5723.4,2072,273.35
99.485,3100.0,5920.0,2067,275.2
99.795,3028.8,5912.8,2074,279.95
99.73,3036.4,5810.6,2074,273.2
99.715,3049.2,5848.2,2062,273.75
99.835,3037.8,5777.6,2082,273.2
99.88,3076.0,5922.0,2143,269.6
99.865,3061.6,5888.0,2141,269.75
100.165,3013.2,5787.0,2126,282.25
100.45,3078.0,5965.2,2268,284.65
100.14,3094.0,6037.0,2265,283.35
100.105,3111.0,6050.4,2241,284.3
100.39,3111.2,6051.6,2337,283.0
100.63,3101.0,6039.8,2349,287.15
100.36,3170.0,6159.6,2424,292.15
100.265,3172.8,6202.4,2402,290.8
100.43,3184.2,6226.6,2378,296.7
100.69,3185.6,6279.4,2387,295.7
100.695,3171.4,6265.0,2445,292.8
100.495,3176.6,6248.0,2430,295.0
100.315,3262.6,6368.6,2558,293.6
100.25,3272.4,6416.4,2516,290.8
100.32,3241.0,6442.2,2524,288.85
100.55,3243.2,6319.0,2527,288.95
100.545,3224.2,6266.0,2362,288.15
100.6,3206.0,6272.8,2297,288.7
100.895,3196.0,6265.4,2310,287.55
100.955,3220.2,6310.0,2396,284.6
100.96,3194.2,6272.6,2310,286.3
100.795,3198.0,6290.4,2342,284.8
100.99,3247.0,6393.4,2379,285.2
100.9,3163.0,6104.2,2418,285.0
101.165,3191.0,6125.6,2480,289.25
101.065,3181.8,6103.0,2412,287.45
100.935,3151.6,6028.2,2495,289.65
101.075,3164.8,6083.0,2514,291.15
101.185,3166.0,6102.6,2497,292.6
101.21,3177.2,6164.8,2453,289.75
101.465,3193.0,6147.2,2538,293.3
101.475,3223.0,6248.2,2607,287.05
101.2,3244.0,6297.2,2589,286.8
101.17,3234.2,6286.2,2587,290.9
101.315,3226.2,6196.0,2594,288.5
101.55,3288.0,6260.4,2577,288.25
101.71,3380.0,6405.2,2571,287.7
101.48,3373.4,6458.2,2648,289.0
101.41,3341.8,6379.2,2589,287.6
101.435,3336.0,6379.8,2549,289.3
101.185,3332.4,6385.6,2567,289.3
101.375,3317.0,6320.6,2553,286.7
100.985,3318.0,6308.6,2596,287.25
100.97,3302.2,6314.2,2589,287.4
100.915,3284.2,6280.0,2567,284.75
101.155,3278.4,6279.2,2502,284.8
100.955,3279.2,6327.2,2477,283.9
100.61,3293.2,6330.0,2422,284.65
100.7,3310.6,6343.0,2392,283.4
100.77,3271.8,6279.0,2402,282.75
100.74,3289.0,6271.0,2406,283.15
100.705,3299.4,6309.2,2436,286.65
100.62,3329.0,6445.8,2428,286.95
100.565,3330.2,6429.0,2334,290.85
100.755,3328.2,6477.2,2338,290.45
100.85,3309.0,6445.0,2343,288.65
100.645,3234.6,6256.0,2277,287.5
100.92,3245.6,6292.2,2256,287.45
100.975,3187.8,6157.4,2250,286.0
101.01,3214.0,6223.8,2239,284.55
101.04,3214.4,6217.6,2264,284.85
101.035,3236.6,6248.2,2257,285.35
101.02,3262.8,6293.2,2280,287.7
101.15,3248.4,6298.6,2309,288.15
101.25,3204.8,6201.2,2316,288.1
101.225,3224.8,6245.6,2273,287.7
101.2,3221.4,6240.2,2285,285.45
101.18,3241.8,6299.8,2273,284.75
101.19,3246.0,6318.6,2253,285.3
101.535,3289.2,6444.6,2270,274.0
101.435,3298.0,6454.8,2339,273.9
101.305,3289.8,6448.2,2358,273.3
101.41,3287.2,6462.0,2354,274.2
101.47,3301.8,6467.0,2399,273.45
101.53,3271.0,6418.0,2431,273.7
101.485,3317.0,6505.4,2441,275.2
101.66,3312.8,6491.2,2434,275.2
101.89,3289.6,6418.0,2486,277.25
101.95,3297.2,6396.6,2485,276.3
101.605,3344.2,6471.4,2491,277.05
101.5,3338.8,6487.0,2569,277.9
101.285,3329.8,6471.0,2534,279.2
101.52,3324.6,6458.2,2512,278.25
101.56,3324.0,6411.0,2588,278.5
101.245,3317.4,6407.6,2600,279.65
101.33,3341.2,6465.0,2613,280.25
101.365,3319.2,6400.0,2610,282.95
101.53,3351.8,6435.0,2691,283.75
101.535,3338.6,6419.6,2716,282.4
101.295,3343.4,6409.0,2889,281.85
101.24,3365.2,6469.0,2836,281.2
100.415,3348.2,6405.0,3015,291.65
100.085,3379.4,6499.0,2987,286.15
99.87,3416.8,6563.0,3126,281.75
99.67,3425.6,6586.6,2945,272.95
99.84,3423.2,6519.2,2858,275.95
99.61,3398.2,6538.4,2816,277.05
99.495,3405.8,6547.0,2814,276.5
99.44,3394.6,6506.8,2772,273.45
99.535,3415.0,6523.2,2714,275.55
99.55,3450.8,6593.6,2900,276.25
99.845,3458.6,6561.8,2954,276.6
99.695,3464.8,6547.6,2951,273.7
99.58,3517.0,6564.8,3154,271.4
99.595,3532.4,6596.4,3332,273.8
98.93,3561.6,6556.8,3062,272.75
98.855,3534.6,6531.2,3000,271.05
98.185,3568.4,6572.0,3187,269.25
98.255,3526.0,6433.0,3126,268.85
97.98,3453.0,6430.0,3204,268.75
97.58,3448.4,6431.4,3217,268.15
97.755,3459.4,6488.6,3382,267.7
97.805,3458.6,6488.8,3394,269.75
97.705,3479.0,6456.0,3345,269.5
96.685,3390.4,6174.6,3444,267.95
96.53,3391.0,6231.0,3505,268.2
96.27,3371.6,6224.0,3375,269.65
94.555,3299.6,6150.2,3413,266.95
95.86,3313.6,6204.4,3293,265.35
94.67,3299.0,6198.0,3171,266.6
94.75,3274.0,6183.8,3162,265.25
96.245,3310.0,6256.6,3169,264.85
96.98,3300.0,6235.0,3026,263.3
96.57,3277.0,6209.8,2984,263.55
96.65,3289.6,6219.8,2922,264.75
96.195,3290.4,6216.0,3006,266.1
96.635,3281.4,6218.0,2989,267.3
97.675,3283.0,6215.8,2952,268.75
97.32,3285.0,6210.6,2867,271.35
97.39,3326.0,6275.8,2851,269.75
97.39,3326.0,6275.8,2851,269.75
